55 2 0.090000 30 44429179.858799
20000 400 
job dur in out mand hot_point profit q_r1 q_r2 q_p p1 l1 p2 l2
0 1 2 29 0 11 -60280.000000 20 0 2 342 1 417 0 
1 1 3 29 0 9 -60280.000000 20 0 1 291 0 
2 1 29 29 0 -1 5850000.000000 0 19113 0 
3 1 17 29 0 -1 5350000.000000 0 8187 2 427 1 464 0 
4 1 5 29 0 -1 5600000.000000 0 33641 2 74 0 430 1 
5 1 1 29 0 2 -75558.260777 0 0 2 350 0 355 1 
6 1 2 29 0 8 -81340.000000 10 0 1 136 0 
7 1 2 29 0 9 -60280.000000 20 0 3 35 1 171 1 395 0 
8 1 1 29 0 7 -81340.000000 10 0 2 6 1 235 0 
9 1 2 29 0 8 -81340.000000 10 0 2 53 0 138 1 
10 1 2 29 0 9 -60280.000000 20 0 1 31 0 
11 1 4 29 0 -1 -150151.829447 0 0 1 326 0 
12 1 2 29 0 -1 -60280.000000 20 0 1 179 0 
13 1 9 29 0 -1 4100000.000000 0 12762 0 
14 1 3 29 0 -1 -60280.000000 20 0 2 241 0 342 1 
15 1 0 29 0 0 -81340.000000 10 0 3 37 0 168 1 408 1 
16 1 1 29 0 7 -81340.000000 10 0 2 156 0 313 1 
17 1 3 29 0 9 -60280.000000 20 0 1 447 0 
18 1 2 29 0 8 -81340.000000 10 0 4 137 1 138 1 269 2 308 0 
19 1 0 29 0 1 -81340.000000 10 0 2 52 1 152 0 
20 1 3 29 0 -1 -60280.000000 20 0 2 35 0 57 0 
21 1 3 29 0 -1 -60280.000000 20 0 3 34 0 267 1 434 0 
22 1 0 29 0 6 -81340.000000 10 0 2 113 1 468 0 
23 1 0 29 0 7 -81340.000000 10 0 3 94 1 112 0 431 1 
24 1 0 29 0 0 -81340.000000 10 0 2 367 0 409 1 
25 1 20 29 0 -1 -165439.302504 0 0 1 151 0 
26 1 2 29 0 9 -60280.000000 20 0 2 62 1 97 0 
27 1 2 29 0 -1 -60280.000000 20 0 1 119 0 
28 1 2 29 0 3 -74708.202647 0 0 2 254 1 426 0 
29 1 27 29 0 -1 -250837.241361 0 0 2 2 1 285 0 
30 1 3 29 0 9 -60280.000000 20 0 2 138 0 269 1 
31 1 3 29 0 9 -60280.000000 20 0 2 372 0 419 0 
32 1 0 29 0 1 -60280.000000 20 0 4 183 0 211 1 273 0 325 0 
33 1 1 29 0 -1 -60280.000000 20 0 1 162 0 
34 1 11 29 0 -1 6100000.000000 0 25958 2 64 0 87 1 
35 1 4 29 0 -1 5850000.000000 0 15663 2 137 1 451 0 
36 1 2 29 0 8 -81340.000000 10 0 5 198 0 373 1 394 1 419 1 472 1 
37 1 0 29 0 0 -81340.000000 10 0 3 98 0 350 1 374 1 
38 1 3 29 0 -1 -60280.000000 20 0 2 35 1 394 0 
39 1 0 29 0 6 -81340.000000 10 0 4 121 1 218 1 223 1 418 0 
40 1 3 29 0 -1 6100000.000000 0 10392 2 171 1 200 0 
41 1 0 29 0 0 -81340.000000 10 0 3 59 1 289 1 335 0 
42 1 3 29 0 -1 -60280.000000 20 0 1 461 0 
43 1 2 29 0 9 -60280.000000 20 0 1 399 0 
44 1 0 29 0 5 -60280.000000 20 0 3 54 0 164 0 254 1 
45 1 3 29 0 9 -33324.621696 11 0 2 48 0 229 0 
46 1 0 29 0 9 -174285.682317 24 0 1 225 0 
47 1 0 29 0 0 -81340.000000 10 0 2 197 1 452 0 
48 1 3 29 0 9 -60280.000000 20 0 3 170 0 302 0 376 1 
49 1 7 29 0 -1 -124410.716174 0 0 1 150 0 
50 1 7 29 0 -1 -141215.887150 0 0 1 372 0 
51 1 0 29 0 0 -81340.000000 10 0 4 24 0 135 1 158 1 297 1 
52 1 1 29 0 7 -81340.000000 10 0 2 324 1 453 0 
53 1 2 29 0 9 -81340.000000 10 0 1 213 0 
54 1 1 29 0 -1 4350000.000000 0 10159 1 158 0 
