100 2 0.090000 30 44429179.858799
20000 400 
job dur in out mand hot_point profit q_r1 q_r2 q_p p1 l1 p2 l2
0 1 2 29 0 11 -60280.000000 20 0 2 342 1 417 0 
1 1 3 29 0 9 -60280.000000 20 0 1 291 0 
2 1 29 29 0 -1 5850000.000000 0 19113 0 
3 1 17 29 0 -1 5350000.000000 0 8187 2 427 1 464 0 
4 1 5 29 0 -1 5600000.000000 0 33641 2 74 0 430 1 
5 1 1 29 0 2 -75558.260777 0 0 2 350 0 355 1 
6 1 2 29 0 8 -81340.000000 10 0 1 136 0 
7 1 2 29 0 9 -60280.000000 20 0 3 35 1 171 1 395 0 
8 1 1 29 0 7 -81340.000000 10 0 2 6 1 235 0 
9 1 2 29 0 8 -81340.000000 10 0 2 53 0 138 1 
10 1 2 29 0 9 -60280.000000 20 0 1 31 0 
11 1 4 29 0 -1 -150151.829447 0 0 1 326 0 
12 1 2 29 0 -1 -60280.000000 20 0 1 179 0 
13 1 9 29 0 -1 4100000.000000 0 12762 0 
14 1 3 29 0 -1 -60280.000000 20 0 2 241 0 342 1 
15 1 0 29 0 0 -81340.000000 10 0 3 37 0 168 1 408 1 
16 1 1 29 0 7 -81340.000000 10 0 2 156 0 313 1 
17 1 3 29 0 9 -60280.000000 20 0 1 447 0 
18 1 2 29 0 8 -81340.000000 10 0 4 137 1 138 1 269 2 308 0 
19 1 0 29 0 1 -81340.000000 10 0 2 52 1 152 0 
20 1 3 29 0 -1 -60280.000000 20 0 2 35 0 57 0 
21 1 3 29 0 -1 -60280.000000 20 0 3 34 0 267 1 434 0 
22 1 0 29 0 6 -81340.000000 10 0 2 113 1 468 0 
23 1 0 29 0 7 -81340.000000 10 0 3 94 1 112 0 431 1 
24 1 0 29 0 0 -81340.000000 10 0 2 367 0 409 1 
25 1 20 29 0 -1 -165439.302504 0 0 1 151 0 
26 1 2 29 0 9 -60280.000000 20 0 2 62 1 97 0 
27 1 2 29 0 -1 -60280.000000 20 0 1 119 0 
28 1 2 29 0 3 -74708.202647 0 0 2 254 1 426 0 
29 1 27 29 0 -1 -250837.241361 0 0 2 2 1 285 0 
30 1 3 29 0 9 -60280.000000 20 0 2 138 0 269 1 
31 1 3 29 0 9 -60280.000000 20 0 2 372 0 419 0 
32 1 0 29 0 1 -60280.000000 20 0 4 183 0 211 1 273 0 325 0 
33 1 1 29 0 -1 -60280.000000 20 0 1 162 0 
34 1 11 29 0 -1 6100000.000000 0 25958 2 64 0 87 1 
35 1 4 29 0 -1 5850000.000000 0 15663 2 137 1 451 0 
36 1 2 29 0 8 -81340.000000 10 0 5 198 0 373 1 394 1 419 1 472 1 
37 1 0 29 0 0 -81340.000000 10 0 3 98 0 350 1 374 1 
38 1 3 29 0 -1 -60280.000000 20 0 2 35 1 394 0 
39 1 0 29 0 6 -81340.000000 10 0 4 121 1 218 1 223 1 418 0 
40 1 3 29 0 -1 6100000.000000 0 10392 2 171 1 200 0 
41 1 0 29 0 0 -81340.000000 10 0 3 59 1 289 1 335 0 
42 1 3 29 0 -1 -60280.000000 20 0 1 461 0 
43 1 2 29 0 9 -60280.000000 20 0 1 399 0 
44 1 0 29 0 5 -60280.000000 20 0 3 54 0 164 0 254 1 
45 1 3 29 0 9 -33324.621696 11 0 2 48 0 229 0 
46 1 0 29 0 9 -174285.682317 24 0 1 225 0 
47 1 0 29 0 0 -81340.000000 10 0 2 197 1 452 0 
48 1 3 29 0 9 -60280.000000 20 0 3 170 0 302 0 376 1 
49 1 7 29 0 -1 -124410.716174 0 0 1 150 0 
50 1 7 29 0 -1 -141215.887150 0 0 1 372 0 
51 1 0 29 0 0 -81340.000000 10 0 4 24 0 135 1 158 1 297 1 
52 1 1 29 0 7 -81340.000000 10 0 2 324 1 453 0 
53 1 2 29 0 9 -81340.000000 10 0 1 213 0 
54 1 1 29 0 -1 4350000.000000 0 10159 1 158 0 
55 1 3 29 0 9 -60280.000000 20 0 2 268 1 443 0 
56 1 2 29 0 9 -60280.000000 20 0 2 268 1 361 0 
57 1 3 29 0 -1 -60280.000000 20 0 2 187 0 451 1 
58 1 1 29 0 7 -81340.000000 10 0 4 116 1 209 0 265 1 280 1 
59 1 1 29 0 2 4600000.000000 0 7083 2 5 0 196 1 
60 1 5 29 0 -1 6100000.000000 0 11602 2 206 1 470 0 
61 1 2 29 0 -1 -60280.000000 20 0 1 334 0 
62 1 4 29 0 -1 5850000.000000 0 10068 1 360 0 
63 1 0 29 0 5 -60280.000000 20 0 2 49 1 90 0 
64 1 14 29 0 -1 -276894.832829 0 0 3 267 0 283 1 343 1 
65 1 1 29 0 -1 -60280.000000 20 0 1 160 0 
66 1 4 29 0 -1 4100000.000000 0 13585 0 
67 1 1 29 0 7 -81340.000000 10 0 2 207 0 294 1 
68 1 4 29 0 -1 4350000.000000 0 9117 1 266 0 
69 1 0 29 0 0 -81340.000000 10 0 4 59 1 216 0 328 1 435 1 
70 1 2 29 0 9 -60280.000000 20 0 1 474 0 
71 1 0 29 0 1 -403633.933398 56 0 2 32 0 426 1 
72 1 1 29 0 -1 -50638.473626 16 0 3 279 1 357 0 456 0 
73 1 1 29 0 -1 -60280.000000 20 0 1 471 0 
74 1 8 29 0 -1 -358838.913774 0 0 2 430 0 466 1 
75 1 2 29 0 10 -60280.000000 20 0 1 358 0 
76 1 0 29 0 0 -81340.000000 10 0 4 145 1 350 1 355 2 401 0 
77 1 2 29 0 10 -60280.000000 20 0 2 339 0 372 1 
78 1 0 29 0 1 -81340.000000 10 0 4 22 0 233 1 424 0 432 1 
79 1 1 29 0 -1 -60280.000000 20 0 2 172 0 303 1 
80 1 1 29 0 7 -81340.000000 10 0 3 16 0 102 1 141 1 
81 1 0 29 0 -1 -51000.000000 7 0 1 352 0 
82 1 2 29 0 8 -81340.000000 10 0 8 20 1 30 1 48 1 161 1 178 1 195 0 229 1 455 0 
83 1 0 29 0 -1 4100000.000000 0 10710 2 190 0 271 1 
84 1 6 29 0 -1 6100000.000000 0 14402 2 342 1 460 0 
85 1 2 29 0 8 -81340.000000 10 0 5 36 0 134 1 177 1 300 1 372 1 
86 1 0 29 0 5 -60280.000000 20 0 2 54 0 254 1 
87 1 16 29 0 -1 -222420.549396 0 0 3 283 0 285 1 343 0 
88 1 3 29 0 -1 -60280.000000 20 0 2 161 0 366 1 
89 1 3 29 0 -1 -60280.000000 20 0 5 4 1 35 0 137 1 430 2 466 3 
90 1 0 29 0 5 -60280.000000 20 0 2 150 1 199 0 
91 1 1 29 0 1 -60280.000000 20 0 2 68 1 421 0 
92 1 2 29 0 8 -81340.000000 10 0 5 40 1 127 1 171 2 346 0 443 1 
93 1 3 29 0 -1 -60280.000000 20 0 3 177 0 279 1 373 0 
94 1 1 29 0 -1 -60280.000000 20 0 2 141 0 303 1 
95 1 0 29 0 9 0.000000 14 0 1 205 0 
96 1 1 29 0 8 -81340.000000 10 0 2 53 1 105 0 
97 1 2 29 0 9 -60280.000000 20 0 2 2 0 70 0 
98 1 0 29 0 1 -81340.000000 10 0 2 8 1 189 0 
99 1 0 29 0 9 0.000000 14 0 1 225 0 
