477 2 0.090000 30 44429179.858799
800000 10000 
job dur in out mand hot_point profit q_r1 q_r2 q_p p1 l1 p2 l2
0 1 2 29 0 11 -60280.000000 20 0 2 342 1 417 0 
1 1 3 29 0 9 -60280.000000 20 0 1 291 0 
2 1 29 29 0 -1 5850000.000000 0 19113 0 
3 1 17 29 0 -1 5350000.000000 0 8187 2 427 1 464 0 
4 1 5 29 0 -1 5600000.000000 0 33641 2 74 0 430 1 
5 1 1 29 0 2 -75558.260777 0 0 2 350 0 355 1 
6 1 2 29 0 8 -81340.000000 10 0 1 136 0 
7 1 2 29 0 9 -60280.000000 20 0 3 35 1 171 1 395 0 
8 1 1 29 0 7 -81340.000000 10 0 2 6 1 235 0 
9 1 2 29 0 8 -81340.000000 10 0 2 53 0 138 1 
10 1 2 29 0 9 -60280.000000 20 0 1 31 0 
11 1 4 29 0 -1 -150151.829447 0 0 1 326 0 
12 1 2 29 0 -1 -60280.000000 20 0 1 179 0 
13 1 9 29 0 -1 4100000.000000 0 12762 0 
14 1 3 29 0 -1 -60280.000000 20 0 2 241 0 342 1 
15 1 0 29 0 0 -81340.000000 10 0 3 37 0 168 1 408 1 
16 1 1 29 0 7 -81340.000000 10 0 2 156 0 313 1 
17 1 3 29 0 9 -60280.000000 20 0 1 447 0 
18 1 2 29 0 8 -81340.000000 10 0 4 137 1 138 1 269 2 308 0 
19 1 0 29 0 1 -81340.000000 10 0 2 52 1 152 0 
20 1 3 29 0 -1 -60280.000000 20 0 2 35 0 57 0 
21 1 3 29 0 -1 -60280.000000 20 0 3 34 0 267 1 434 0 
22 1 0 29 0 6 -81340.000000 10 0 2 113 1 468 0 
23 1 0 29 0 7 -81340.000000 10 0 3 94 1 112 0 431 1 
24 1 0 29 0 0 -81340.000000 10 0 2 367 0 409 1 
25 1 20 29 0 -1 -165439.302504 0 0 1 151 0 
26 1 2 29 0 9 -60280.000000 20 0 2 62 1 97 0 
27 1 2 29 0 -1 -60280.000000 20 0 1 119 0 
28 1 2 29 0 3 -74708.202647 0 0 2 254 1 426 0 
29 1 27 29 0 -1 -250837.241361 0 0 2 2 1 285 0 
30 1 3 29 0 9 -60280.000000 20 0 2 138 0 269 1 
31 1 3 29 0 9 -60280.000000 20 0 2 372 0 419 0 
32 1 0 29 0 1 -60280.000000 20 0 4 183 0 211 1 273 0 325 0 
33 1 1 29 0 -1 -60280.000000 20 0 1 162 0 
34 1 11 29 0 -1 6100000.000000 0 25958 2 64 0 87 1 
35 1 4 29 0 -1 5850000.000000 0 15663 2 137 1 451 0 
36 1 2 29 0 8 -81340.000000 10 0 5 198 0 373 1 394 1 419 1 472 1 
37 1 0 29 0 0 -81340.000000 10 0 3 98 0 350 1 374 1 
38 1 3 29 0 -1 -60280.000000 20 0 2 35 1 394 0 
39 1 0 29 0 6 -81340.000000 10 0 4 121 1 218 1 223 1 418 0 
40 1 3 29 0 -1 6100000.000000 0 10392 2 171 1 200 0 
41 1 0 29 0 0 -81340.000000 10 0 3 59 1 289 1 335 0 
42 1 3 29 0 -1 -60280.000000 20 0 1 461 0 
43 1 2 29 0 9 -60280.000000 20 0 1 399 0 
44 1 0 29 0 5 -60280.000000 20 0 3 54 0 164 0 254 1 
45 1 3 29 0 9 -33324.621696 11 0 2 48 0 229 0 
46 1 0 29 0 9 -174285.682317 24 0 1 225 0 
47 1 0 29 0 0 -81340.000000 10 0 2 197 1 452 0 
48 1 3 29 0 9 -60280.000000 20 0 3 170 0 302 0 376 1 
49 1 7 29 0 -1 -124410.716174 0 0 1 150 0 
50 1 7 29 0 -1 -141215.887150 0 0 1 372 0 
51 1 0 29 0 0 -81340.000000 10 0 4 24 0 135 1 158 1 297 1 
52 1 1 29 0 7 -81340.000000 10 0 2 324 1 453 0 
53 1 2 29 0 9 -81340.000000 10 0 1 213 0 
54 1 1 29 0 -1 4350000.000000 0 10159 1 158 0 
55 1 3 29 0 9 -60280.000000 20 0 2 268 1 443 0 
56 1 2 29 0 9 -60280.000000 20 0 2 268 1 361 0 
57 1 3 29 0 -1 -60280.000000 20 0 2 187 0 451 1 
58 1 1 29 0 7 -81340.000000 10 0 4 116 1 209 0 265 1 280 1 
59 1 1 29 0 2 4600000.000000 0 7083 2 5 0 196 1 
60 1 5 29 0 -1 6100000.000000 0 11602 2 206 1 470 0 
61 1 2 29 0 -1 -60280.000000 20 0 1 334 0 
62 1 4 29 0 -1 5850000.000000 0 10068 1 360 0 
63 1 0 29 0 5 -60280.000000 20 0 2 49 1 90 0 
64 1 14 29 0 -1 -276894.832829 0 0 3 267 0 283 1 343 1 
65 1 1 29 0 -1 -60280.000000 20 0 1 160 0 
66 1 4 29 0 -1 4100000.000000 0 13585 0 
67 1 1 29 0 7 -81340.000000 10 0 2 207 0 294 1 
68 1 4 29 0 -1 4350000.000000 0 9117 1 266 0 
69 1 0 29 0 0 -81340.000000 10 0 4 59 1 216 0 328 1 435 1 
70 1 2 29 0 9 -60280.000000 20 0 1 474 0 
71 1 0 29 0 1 -403633.933398 56 0 2 32 0 426 1 
72 1 1 29 0 -1 -50638.473626 16 0 3 279 1 357 0 456 0 
73 1 1 29 0 -1 -60280.000000 20 0 1 471 0 
74 1 8 29 0 -1 -358838.913774 0 0 2 430 0 466 1 
75 1 2 29 0 10 -60280.000000 20 0 1 358 0 
76 1 0 29 0 0 -81340.000000 10 0 4 145 1 350 1 355 2 401 0 
77 1 2 29 0 10 -60280.000000 20 0 2 339 0 372 1 
78 1 0 29 0 1 -81340.000000 10 0 4 22 0 233 1 424 0 432 1 
79 1 1 29 0 -1 -60280.000000 20 0 2 172 0 303 1 
80 1 1 29 0 7 -81340.000000 10 0 3 16 0 102 1 141 1 
81 1 0 29 0 -1 -51000.000000 7 0 1 352 0 
82 1 2 29 0 8 -81340.000000 10 0 8 20 1 30 1 48 1 161 1 178 1 195 0 229 1 455 0 
83 1 0 29 0 -1 4100000.000000 0 10710 2 190 0 271 1 
84 1 6 29 0 -1 6100000.000000 0 14402 2 342 1 460 0 
85 1 2 29 0 8 -81340.000000 10 0 5 36 0 134 1 177 1 300 1 372 1 
86 1 0 29 0 5 -60280.000000 20 0 2 54 0 254 1 
87 1 16 29 0 -1 -222420.549396 0 0 3 283 0 285 1 343 0 
88 1 3 29 0 -1 -60280.000000 20 0 2 161 0 366 1 
89 1 3 29 0 -1 -60280.000000 20 0 5 4 1 35 0 137 1 430 2 466 3 
90 1 0 29 0 5 -60280.000000 20 0 2 150 1 199 0 
91 1 1 29 0 1 -60280.000000 20 0 2 68 1 421 0 
92 1 2 29 0 8 -81340.000000 10 0 5 40 1 127 1 171 2 346 0 443 1 
93 1 3 29 0 -1 -60280.000000 20 0 3 177 0 279 1 373 0 
94 1 1 29 0 -1 -60280.000000 20 0 2 141 0 303 1 
95 1 0 29 0 9 0.000000 14 0 1 205 0 
96 1 1 29 0 8 -81340.000000 10 0 2 53 1 105 0 
97 1 2 29 0 9 -60280.000000 20 0 2 2 0 70 0 
98 1 0 29 0 1 -81340.000000 10 0 2 8 1 189 0 
99 1 0 29 0 9 0.000000 14 0 1 225 0 
100 1 1 29 0 -1 -60280.000000 20 0 2 187 0 238 1 
101 1 1 29 0 7 -81340.000000 10 0 7 121 0 218 0 347 1 354 1 361 1 417 1 428 1 
102 1 2 29 0 8 -81340.000000 10 0 2 205 1 313 0 
103 1 2 29 0 8 -81340.000000 10 0 3 314 0 336 0 384 1 
104 1 2 29 0 9 -60280.000000 20 0 2 281 1 353 0 
105 1 1 29 0 8 -81340.000000 10 0 6 7 1 97 1 213 1 296 0 320 1 440 1 
106 1 1 29 0 7 -81340.000000 10 0 3 92 1 129 1 345 0 
107 1 1 29 0 -1 -60280.000000 20 0 2 130 0 366 1 
108 1 1 29 0 -1 -60280.000000 20 0 2 35 0 149 0 
109 1 2 29 0 9 -60280.000000 20 0 4 232 2 237 0 238 1 338 1 
110 1 1 29 0 8 -81340.000000 10 0 6 157 1 293 1 431 0 446 1 448 1 474 1 
111 1 0 29 0 9 -71270.000000 10 0 1 225 0 
112 1 0 29 0 7 -81340.000000 10 0 2 80 0 368 1 
113 1 1 29 0 7 -81340.000000 10 0 1 246 0 
114 1 0 29 0 9 -51000.000000 7 0 1 205 0 
115 1 2 29 0 8 -81340.000000 10 0 4 55 1 176 0 298 1 434 1 
116 1 2 29 0 10 -60280.000000 20 0 1 315 0 
117 1 1 29 0 7 -81340.000000 10 0 2 181 1 210 0 
118 1 1 29 0 -1 -60280.000000 20 0 1 430 0 
119 1 2 29 0 -1 -60280.000000 20 0 1 265 0 
120 1 2 29 0 -1 -60280.000000 20 0 1 93 0 
121 1 1 29 0 -1 -106905.000000 14 0 1 352 0 
122 1 0 29 0 7 -81340.000000 10 0 2 23 0 110 1 
123 1 1 29 0 -1 4100000.000000 0 11159 2 66 1 146 0 
124 1 3 29 0 9 -60280.000000 20 0 1 363 0 
125 1 2 29 0 11 -60280.000000 20 0 1 320 0 
126 1 1 29 0 -1 -60280.000000 20 0 2 173 0 242 0 
127 1 3 29 0 -1 -43164.514136 14 0 2 239 0 400 1 
128 1 0 29 0 1 -81340.000000 10 0 4 19 0 79 1 180 1 426 1 
129 1 2 29 0 -1 -60280.000000 20 0 1 411 0 
130 1 1 29 0 -1 -60280.000000 20 0 1 215 0 
131 1 1 29 0 -1 -60280.000000 20 0 1 437 0 
132 1 2 29 0 9 -60280.000000 20 0 3 157 0 170 1 316 0 
133 1 12 29 0 -1 5350000.000000 0 11636 2 319 0 383 1 
134 1 3 29 0 9 -60280.000000 20 0 2 326 1 398 0 
135 1 1 29 0 7 -81340.000000 10 0 3 263 1 299 1 409 0 
136 1 2 29 0 8 -106905.000000 14 0 2 1 1 240 0 
137 1 6 29 0 -1 5850000.000000 0 22273 2 29 1 232 0 
138 1 3 29 0 9 6100000.000000 0 8841 2 351 0 442 1 
139 1 3 29 0 -1 -60280.000000 20 0 1 20 0 
140 1 1 29 0 -1 -60280.000000 20 0 2 133 1 356 0 
141 1 2 29 0 -1 -60280.000000 20 0 1 208 0 
142 1 2 29 0 8 -81340.000000 10 0 2 9 0 316 1 
143 1 3 29 0 9 -60280.000000 20 0 3 170 1 220 1 316 0 
144 1 3 29 0 9 -60280.000000 20 0 3 55 0 62 1 343 0 
145 1 1 29 0 7 -81340.000000 10 0 6 67 0 284 1 314 1 315 1 336 1 408 0 
146 1 2 29 0 -1 -119038.243794 0 0 1 306 0 
147 1 0 29 0 3 -60280.000000 20 0 1 183 0 
148 1 3 29 0 9 -60280.000000 20 0 1 30 0 
149 1 1 29 0 -1 -70550.149406 23 0 1 238 0 
150 1 7 29 0 -1 4100000.000000 0 9506 1 222 0 
151 1 20 29 0 -1 5100000.000000 0 17163 1 427 0 
152 1 0 29 0 1 -81340.000000 10 0 3 172 1 453 1 467 0 
153 1 2 29 0 8 -81340.000000 10 0 3 144 1 163 0 166 1 
154 1 0 29 0 5 -60280.000000 20 0 1 86 0 
155 1 2 29 0 10 -436185.463565 61 0 2 359 0 372 1 
156 1 1 29 0 7 -81340.000000 10 0 3 85 1 197 0 208 1 
157 1 2 29 0 -1 -60280.000000 20 0 1 120 0 
158 1 1 29 0 -1 -108372.517115 0 0 3 49 1 68 0 150 1 
159 1 2 29 0 -1 -60280.000000 20 0 1 429 0 
160 1 1 29 0 -1 -60280.000000 20 0 2 140 0 238 0 
161 1 3 29 0 -1 -60280.000000 20 0 1 89 0 
162 1 1 29 0 -1 -60280.000000 20 0 1 312 0 
163 1 2 29 0 8 -81340.000000 10 0 3 21 1 115 0 343 1 
164 1 0 29 0 5 -60280.000000 20 0 2 63 0 420 0 
165 1 0 29 0 0 -60280.000000 20 0 2 83 0 387 1 
166 1 3 29 0 9 -60280.000000 20 0 2 298 0 330 1 
167 1 0 29 0 0 -81340.000000 10 0 2 15 0 207 1 
168 1 1 29 0 7 -81340.000000 10 0 2 286 1 374 0 
169 1 2 29 0 9 -60280.000000 20 0 2 43 0 104 0 
170 1 4 29 0 -1 6100000.000000 0 10051 0 
171 1 4 29 0 -1 6100000.000000 0 11696 1 220 0 
172 1 1 29 0 -1 -60280.000000 20 0 1 432 0 
173 1 1 29 0 -1 -60280.000000 20 0 2 192 0 304 0 
174 1 2 29 0 8 -81340.000000 10 0 3 200 1 249 0 268 1 
175 1 2 29 0 11 -60329.585026 20 0 1 0 0 
176 1 2 29 0 8 -81340.000000 10 0 4 92 0 170 2 220 2 316 1 
177 1 3 29 0 -1 -19323.720564 6 0 2 232 1 338 0 
178 1 3 29 0 -1 -63768.012233 21 0 5 4 1 35 0 137 1 430 2 466 3 
179 1 2 29 0 -1 -60280.000000 20 0 1 129 0 
180 1 1 29 0 7 -81340.000000 10 0 6 43 1 52 0 104 1 217 1 344 1 458 1 
181 1 2 29 0 8 -81340.000000 10 0 6 45 1 88 1 139 1 148 1 212 1 405 0 
182 1 0 29 0 1 -81340.000000 10 0 4 28 1 194 1 310 1 436 0 
183 1 1 29 0 -1 4600000.000000 0 10812 1 445 0 
184 1 2 29 0 8 -81340.000000 10 0 3 138 1 269 2 288 0 
185 1 1 29 0 -1 -60280.000000 20 0 1 94 0 
186 1 1 29 0 1 -73265.814607 0 0 2 59 0 196 1 
187 1 3 29 0 -1 5850000.000000 0 22115 4 232 2 238 1 287 0 338 1 
188 1 0 29 0 0 -81340.000000 10 0 2 117 1 203 0 
189 1 0 29 0 1 -81340.000000 10 0 2 235 1 407 0 
190 1 1 29 0 -1 -114249.932132 0 0 2 66 1 123 0 
191 1 1 29 0 7 -81340.000000 10 0 3 159 1 301 1 327 0 
192 1 1 29 0 -1 -60280.000000 20 0 3 4 0 133 0 204 0 
193 1 3 29 0 9 -60280.000000 20 0 2 62 1 384 0 
194 1 1 29 0 7 -81340.000000 10 0 4 169 1 174 1 231 0 459 1 
195 1 2 29 0 8 -81340.000000 10 0 4 170 1 241 1 263 0 378 1 
196 1 4 29 0 -1 4350000.000000 0 11717 2 355 0 420 1 
197 1 1 29 0 7 -81340.000000 10 0 3 36 1 297 0 415 0 
198 1 2 29 0 8 -81340.000000 10 0 4 181 0 261 1 290 1 398 1 
199 1 0 29 0 5 -60280.000000 20 0 1 253 0 
200 1 3 29 0 -1 -110854.462304 0 0 5 137 0 170 1 220 1 283 1 316 0 
201 1 0 29 0 5 -60280.000000 20 0 2 154 0 254 1 
202 1 6 29 0 -1 5850000.000000 0 13238 1 50 0 
203 1 0 29 0 0 -81340.000000 10 0 2 210 1 244 0 
204 1 1 29 0 -1 -33208.460205 11 0 1 430 0 
205 1 3 29 0 9 -367264.716940 51 0 5 11 1 134 0 137 1 300 0 351 1 
206 1 9 29 0 -1 -160329.243800 0 0 2 34 1 342 0 
207 1 1 29 0 7 -81340.000000 10 0 3 75 1 168 0 226 1 
208 1 2 29 0 -1 -60280.000000 20 0 1 61 0 
209 1 1 29 0 7 -100444.987070 12 0 2 103 1 145 0 
210 1 1 29 0 7 -81340.000000 10 0 3 82 1 228 0 334 1 
211 1 3 29 0 5 -98999.012805 0 0 2 68 0 150 1 
212 1 3 29 0 -1 -60280.000000 20 0 1 178 0 
213 1 2 29 0 9 -69833.961317 8 0 1 245 0 
214 1 1 29 0 -1 -60280.000000 20 0 3 25 1 151 0 262 0 
215 1 1 29 0 -1 -60280.000000 20 0 5 4 1 137 1 397 0 430 2 466 3 
216 1 0 29 0 0 -81340.000000 10 0 3 364 1 425 0 437 1 
217 1 2 29 0 9 -55860.207066 18 0 1 109 0 
218 1 1 29 0 7 -81340.000000 10 0 3 142 1 283 1 323 0 
219 1 0 29 0 5 -60280.000000 20 0 3 68 0 150 1 371 0 
220 1 4 29 0 -1 -124766.788290 0 0 1 170 0 
221 1 0 29 0 0 -60280.000000 20 0 3 66 0 305 1 412 0 
222 1 8 29 0 -1 -101398.835508 0 0 1 420 0 
223 1 1 29 0 -1 -60280.000000 20 0 1 214 0 
224 1 3 29 0 9 -60280.000000 20 0 3 166 0 171 0 232 1 
225 1 2 29 0 9 -467057.516848 65 0 5 11 1 169 0 187 1 376 1 459 0 
226 1 2 29 0 8 -81340.000000 10 0 2 124 1 286 0 
227 1 9 29 0 -1 -129993.795824 0 0 1 13 0 
228 1 1 29 0 7 -81340.000000 10 0 5 25 2 135 0 195 1 392 1 455 1 
229 1 3 29 0 9 -60280.000000 20 0 2 170 0 277 0 
230 1 29 29 0 -1 -215594.700767 0 0 1 2 0 
231 1 1 29 0 7 -81340.000000 10 0 2 180 0 249 1 
232 1 8 29 0 -1 -237587.988522 0 0 2 283 0 285 1 
233 1 1 29 0 7 -81340.000000 10 0 6 0 1 56 1 113 0 184 1 237 1 388 1 
234 1 1 29 0 -1 -445172.500480 62 0 3 4 1 65 0 441 0 
235 1 1 29 0 7 -81340.000000 10 0 3 136 1 225 1 386 0 
236 1 0 29 0 7 -81340.000000 10 0 2 270 1 473 0 
237 1 2 29 0 9 -60280.000000 20 0 2 326 1 347 0 
238 1 4 29 0 -1 5600000.000000 0 14445 1 279 0 
239 1 8 29 0 -1 6100000.000000 0 15030 3 34 1 206 0 267 2 
240 1 2 29 0 8 -81340.000000 10 0 2 174 0 291 1 
241 1 3 29 0 -1 -60280.000000 20 0 1 457 0 
242 1 1 29 0 -1 -60280.000000 20 0 3 4 0 118 0 133 0 
243 1 0 29 0 9 -51000.000000 7 0 1 225 0 
244 1 0 29 0 0 -81340.000000 10 0 3 51 0 228 1 421 1 
245 1 2 29 0 9 -106905.000000 14 0 1 205 0 
246 1 1 29 0 7 -32821.338125 4 0 2 101 0 288 1 
247 1 0 29 0 -1 -51000.000000 7 0 1 369 0 
248 1 1 29 0 7 -81340.000000 10 0 3 115 1 179 1 289 0 
249 1 2 29 0 8 -81340.000000 10 0 2 341 1 344 0 
250 1 0 29 0 9 -172311.423394 24 0 1 205 0 
251 1 2 29 0 8 -81340.000000 10 0 2 42 1 465 0 
252 1 1 29 0 -1 -60280.000000 20 0 1 73 0 
253 1 0 29 0 5 -60280.000000 20 0 1 219 0 
254 1 6 29 0 -1 4100000.000000 0 11663 2 13 1 49 0 
255 1 0 29 0 1 -60280.000000 20 0 1 91 0 
256 1 0 29 0 5 -60280.000000 20 0 1 435 0 
257 1 0 29 0 7 -81340.000000 10 0 4 236 0 262 1 296 1 352 1 
258 1 0 29 0 1 -60280.000000 20 0 3 147 0 211 1 422 0 
259 1 2 29 0 9 -60280.000000 20 0 2 238 1 440 0 
260 1 0 29 0 0 -81340.000000 10 0 5 16 1 54 1 91 1 396 0 402 0 
261 1 3 29 0 9 -60280.000000 20 0 2 171 1 329 0 
262 1 1 29 0 -1 -60280.000000 20 0 1 392 0 
263 1 2 29 0 8 -81340.000000 10 0 5 57 1 89 1 277 1 278 0 302 1 
264 1 3 29 0 9 -60280.000000 20 0 1 224 0 
265 1 2 29 0 -1 -60280.000000 20 0 1 284 0 
266 1 4 29 0 -1 -97254.525856 0 0 2 196 0 222 1 
267 1 14 29 0 -1 6100000.000000 0 20851 2 29 1 87 0 
268 1 4 29 0 -1 6100000.000000 0 17676 3 60 1 202 1 269 0 
269 1 4 29 0 -1 -188546.231415 0 0 3 50 1 84 1 442 0 
270 1 1 29 0 8 -81340.000000 10 0 7 70 1 132 1 245 1 274 1 307 1 395 1 413 0 
271 1 4 29 0 -1 -112210.180728 0 0 1 66 0 
272 1 0 29 0 1 -60280.000000 20 0 3 255 0 350 0 355 1 
273 1 0 29 0 1 -60280.000000 20 0 3 68 1 150 2 403 0 
274 1 2 29 0 11 -60280.000000 20 0 1 337 0 
275 1 0 29 0 6 -81340.000000 10 0 2 39 0 101 1 
276 1 2 29 0 8 -81340.000000 10 0 2 193 1 280 0 
277 1 3 29 0 9 -60280.000000 20 0 2 264 0 326 1 
278 1 2 29 0 8 -81340.000000 10 0 4 35 1 143 1 301 0 457 1 
279 1 5 29 0 -1 -154080.794213 0 0 4 4 0 74 1 430 1 466 2 
280 1 2 29 0 8 -81340.000000 10 0 1 103 0 
281 1 4 29 0 -1 -123204.338423 0 0 3 62 0 268 0 416 1 
282 1 0 29 0 -1 -1755147.142687 246 0 4 234 0 234 1 369 0 369 1 
283 1 25 29 0 -1 5850000.000000 0 23515 2 29 0 230 1 
284 1 2 29 0 -1 -60280.000000 20 0 1 283 0 
285 1 27 29 0 -1 5850000.000000 0 20212 1 230 0 
286 1 2 29 0 8 -81340.000000 10 0 1 438 0 
287 1 3 29 0 -1 -235900.712833 0 0 3 35 0 279 1 366 1 
288 1 2 29 0 8 -106905.000000 14 0 1 428 0 
289 1 1 29 0 7 -81340.000000 10 0 4 27 1 77 1 106 0 176 1 
290 1 3 29 0 -1 -60280.000000 20 0 1 14 0 
291 1 3 29 0 9 -60280.000000 20 0 2 268 0 341 0 
292 1 0 29 0 -1 -51000.000000 7 0 1 234 0 
293 1 2 29 0 9 -68530.034399 22 0 2 170 1 316 0 
294 1 2 29 0 8 -81340.000000 10 0 2 40 1 226 0 
295 1 0 29 0 0 -81340.000000 10 0 4 69 0 131 1 186 1 381 1 
296 1 1 29 0 8 -81340.000000 10 0 2 2 1 270 0 
297 1 1 29 0 -1 -385364.756197 54 0 1 404 0 
298 1 3 29 0 9 -60280.000000 20 0 6 40 0 170 1 171 1 220 1 283 1 316 0 
299 1 2 29 0 -1 -60280.000000 20 0 1 159 0 
300 1 3 29 0 9 -60280.000000 20 0 2 261 0 290 0 
301 1 2 29 0 8 -81340.000000 10 0 3 17 1 251 0 264 1 
302 1 3 29 0 9 -60280.000000 20 0 1 17 0 
303 1 18 29 0 -1 5100000.000000 0 15509 2 25 0 475 1 
304 1 1 29 0 -1 -60280.000000 20 0 2 238 0 462 0 
305 1 3 29 0 -1 -104390.153346 0 0 1 387 0 
306 1 2 29 0 -1 4100000.000000 0 9786 1 305 0 
307 1 2 29 0 9 -60280.000000 20 0 3 171 1 293 0 448 0 
308 1 2 29 0 8 -81340.000000 10 0 1 184 0 
309 1 0 29 0 0 -81340.000000 10 0 3 295 0 327 1 445 1 
310 1 1 29 0 -1 -350025.732108 49 0 1 79 0 
311 1 1 29 0 -1 -60280.000000 20 0 1 223 0 
312 1 1 29 0 -1 -60280.000000 20 0 1 389 0 
313 1 2 29 0 8 -81340.000000 10 0 5 31 1 38 1 85 0 93 1 439 1 
314 1 2 29 0 8 -63038.345788 7 0 3 225 0 239 1 294 0 
315 1 2 29 0 10 -60280.000000 20 0 1 75 0 
316 1 3 29 0 -1 6100000.000000 0 14076 2 11 0 170 1 
317 1 0 29 0 5 -60280.000000 20 0 1 201 0 
318 1 1 29 0 7 -81340.000000 10 0 2 233 0 308 1 
319 1 13 29 0 -1 -124127.431949 0 0 3 25 2 392 1 463 0 
320 1 2 29 0 11 -60280.000000 20 0 2 2 0 274 0 
321 1 2 29 0 8 -81340.000000 10 0 5 153 0 171 1 187 1 451 2 461 1 
322 1 0 29 0 0 -60280.000000 20 0 2 165 0 306 0 
323 1 1 29 0 7 -81340.000000 10 0 6 9 1 26 1 96 0 125 1 259 1 332 1 
324 1 2 29 0 8 -81340.000000 10 0 2 18 0 375 1 
325 1 0 29 0 5 -60280.000000 20 0 1 435 0 
326 1 4 29 0 -1 6100000.000000 0 10742 1 330 0 
327 1 1 29 0 7 -81340.000000 10 0 2 251 1 381 0 
328 1 1 29 0 7 -81340.000000 10 0 3 155 1 321 1 364 0 
329 1 3 29 0 9 -60280.000000 20 0 1 378 0 
330 1 4 29 0 -1 -114587.372215 0 0 1 171 0 
331 1 0 29 0 -1 -51000.000000 7 0 1 310 0 
332 1 2 29 0 9 -60280.000000 20 0 2 7 0 330 1 
333 1 1 29 0 -1 -60280.000000 20 0 1 137 0 
334 1 2 29 0 -1 -60280.000000 20 0 3 25 1 299 0 392 0 
335 1 0 29 0 0 -81340.000000 10 0 4 106 1 162 1 435 1 469 0 
336 1 2 29 0 9 -53452.500000 7 0 1 225 0 
337 1 2 29 0 11 -17657.499205 5 0 1 84 0 
338 1 4 29 0 -1 5850000.000000 0 16560 2 283 1 366 0 
339 1 2 29 0 10 -60280.000000 20 0 1 116 0 
340 1 2 29 0 -1 -60280.000000 20 0 2 279 1 439 0 
341 1 3 29 0 9 -60280.000000 20 0 1 375 0 
342 1 9 29 0 -1 6100000.000000 0 21083 2 64 1 400 0 
343 1 16 29 0 -1 6100000.000000 0 15515 0 
344 1 2 29 0 8 -81340.000000 10 0 3 170 2 316 1 324 0 
345 1 1 29 0 7 -81340.000000 10 0 4 119 1 339 1 346 1 393 0 
346 1 2 29 0 8 -81340.000000 10 0 3 34 1 267 2 276 0 
347 1 2 29 0 9 -60280.000000 20 0 1 259 0 
348 1 0 29 0 0 -60280.000000 20 0 1 221 0 
349 1 2 29 0 -1 -60280.000000 20 0 3 38 0 232 1 338 0 
350 1 1 29 0 3 4600000.000000 0 7003 2 28 0 254 1 
351 1 4 29 0 10 -94308.593647 0 0 2 376 0 442 1 
352 1 1 29 0 -1 -282959.041764 39 0 1 185 0 
353 1 2 29 0 9 -60280.000000 20 0 2 56 0 62 1 
354 1 2 29 0 9 -60280.000000 20 0 2 287 1 332 0 
355 1 6 29 0 -1 -124990.580744 0 0 2 227 1 254 0 
356 1 1 29 0 -1 -60280.000000 20 0 1 430 0 
357 1 1 29 0 -1 -60280.000000 20 0 3 232 1 338 0 382 0 
358 1 2 29 0 10 -60280.000000 20 0 1 62 0 
359 1 2 29 0 10 -60280.000000 20 0 3 27 0 77 0 285 1 
360 1 4 29 0 -1 -107397.046401 0 0 1 202 0 
361 1 2 29 0 9 -60280.000000 20 0 2 26 0 283 0 
362 1 0 29 0 7 -81340.000000 10 0 2 105 1 257 0 
363 1 3 29 0 9 -60280.000000 20 0 4 1 0 60 0 268 1 360 1 
364 1 1 29 0 7 -81340.000000 10 0 3 12 1 153 1 423 0 
365 1 0 29 0 0 -60280.000000 20 0 2 44 0 348 0 
366 1 5 29 0 -1 -176649.875756 0 0 2 137 0 283 1 
367 1 0 29 0 0 -81340.000000 10 0 3 191 1 309 0 404 1 
368 1 1 29 0 8 -81340.000000 10 0 5 10 1 102 0 120 1 340 1 349 1 
369 1 1 29 0 -1 -500796.198391 70 0 2 35 1 450 0 
370 1 0 29 0 0 -81340.000000 10 0 2 80 1 260 0 
371 1 0 29 0 5 -60280.000000 20 0 3 150 0 196 0 390 0 
372 1 8 29 0 -1 5850000.000000 0 12436 0 
373 1 3 29 0 -1 -60280.000000 20 0 1 88 0 
374 1 1 29 0 7 -81340.000000 10 0 3 8 0 358 1 438 1 
375 1 3 29 0 9 -60280.000000 20 0 2 138 0 269 1 
376 1 4 29 0 -1 6100000.000000 0 11550 1 281 0 
377 1 0 29 0 10 -51000.000000 7 0 1 155 0 
378 1 3 29 0 9 -60280.000000 20 0 2 143 0 171 0 
379 1 0 29 0 1 -60280.000000 20 0 1 414 0 
380 1 17 29 0 -1 -142314.282625 0 0 2 3 0 151 1 
381 1 1 29 0 7 -81340.000000 10 0 3 328 0 429 1 465 1 
382 1 1 29 0 -1 -60280.000000 20 0 1 137 0 
383 1 16 29 0 -1 -315175.992414 0 0 3 25 1 303 1 392 0 
384 1 3 29 0 9 -60280.000000 20 0 2 124 0 239 0 
385 1 0 29 0 0 -81340.000000 10 0 3 33 1 41 0 248 1 
386 1 1 29 0 7 -81340.000000 10 0 2 194 0 240 1 
387 1 3 29 0 -1 4100000.000000 0 10519 1 271 0 
388 1 2 29 0 9 -60280.000000 20 0 1 354 0 
389 1 1 29 0 -1 -46246.572962 15 0 1 151 0 
390 1 0 29 0 5 -60280.000000 20 0 2 254 0 256 0 
391 1 1 29 0 -1 -60280.000000 20 0 1 4 0 
392 1 16 29 0 -1 5350000.000000 0 13341 2 151 1 380 0 
393 1 1 29 0 7 -81340.000000 10 0 3 58 0 276 1 411 1 
394 1 3 29 0 -1 -60280.000000 20 0 1 139 0 
395 1 2 29 0 9 -60280.000000 20 0 2 40 0 446 0 
396 1 0 29 0 0 -195643.303990 27 0 2 306 1 365 0 
397 1 1 29 0 -1 -60280.000000 20 0 3 108 0 430 0 466 1 
398 1 3 29 0 9 -60280.000000 20 0 1 45 0 
399 1 2 29 0 9 -60280.000000 20 0 2 326 1 388 0 
400 1 11 29 0 -1 -224889.924598 0 0 2 34 0 267 1 
401 1 0 29 0 0 -81340.000000 10 0 2 67 1 167 0 
402 1 0 29 0 0 -81340.000000 10 0 3 47 0 156 1 421 1 
403 1 0 29 0 1 -60280.000000 20 0 2 196 0 379 0 
404 1 1 29 0 -1 -60280.000000 20 0 1 131 0 
405 1 2 29 0 8 -64104.130264 7 0 3 14 1 82 0 329 1 
406 1 1 29 0 -1 -60280.000000 20 0 2 100 0 451 1 
407 1 0 29 0 1 -81340.000000 10 0 2 182 0 386 1 
408 1 1 29 0 -1 -178175.000000 24 0 2 303 1 310 0 
409 1 1 29 0 7 -81340.000000 10 0 2 191 0 278 1 
410 1 0 29 0 7 -81340.000000 10 0 3 96 1 214 1 362 0 
411 1 2 29 0 -1 -60280.000000 20 0 0 
412 1 0 29 0 0 -60280.000000 20 0 2 322 0 387 1 
413 1 1 29 0 8 -81340.000000 10 0 2 110 0 337 1 
414 1 0 29 0 1 -60280.000000 20 0 2 68 1 454 0 
415 1 1 29 0 7 -81340.000000 10 0 3 61 1 117 0 198 1 
416 1 5 29 0 -1 -176534.725227 0 0 3 60 0 202 0 239 1 
417 1 2 29 0 11 -60280.000000 20 0 2 125 0 283 0 
418 1 0 29 0 6 -81340.000000 10 0 2 323 1 410 0 
419 1 3 29 0 9 -60280.000000 20 0 1 148 0 
420 1 8 29 0 -1 4100000.000000 0 12186 1 227 0 
421 1 1 29 0 1 4600000.000000 0 6868 2 186 0 266 1 
422 1 0 29 0 1 -60280.000000 20 0 3 68 1 150 2 272 0 
423 1 1 29 0 7 -81340.000000 10 0 3 163 1 248 0 359 1 
424 1 0 29 0 1 -385533.733951 54 0 2 258 0 426 1 
425 1 0 29 0 0 -81340.000000 10 0 2 385 0 423 1 
426 1 2 29 0 4 4600000.000000 0 9281 2 49 1 211 0 
427 1 22 29 0 -1 -183074.746293 0 0 1 475 0 
428 1 2 29 0 8 -81340.000000 10 0 1 142 0 
429 1 2 29 0 -1 -60280.000000 20 0 1 12 0 
430 1 8 29 0 -1 5600000.000000 0 39027 2 133 1 466 0 
431 1 1 29 0 8 -81340.000000 10 0 1 368 0 
432 1 1 29 0 -1 -60280.000000 20 0 1 311 0 
433 1 0 29 0 0 -81340.000000 10 0 4 5 1 76 0 209 1 389 1 
434 1 3 29 0 -1 -32142.850122 10 0 1 127 0 
435 1 1 29 0 -1 4350000.000000 0 9113 0 
436 1 0 29 0 1 -81340.000000 10 0 2 128 0 231 1 
437 1 1 29 0 -1 -60280.000000 20 0 1 33 0 
438 1 2 29 0 8 -81340.000000 10 0 2 6 0 363 1 
439 1 3 29 0 -1 -60280.000000 20 0 3 232 1 338 0 472 0 
440 1 2 29 0 9 -60280.000000 20 0 4 132 0 307 0 330 1 338 1 
441 1 1 29 0 -1 -60280.000000 20 0 1 126 0 
442 1 5 29 0 -1 6100000.000000 0 16550 2 416 0 460 1 
443 1 3 29 0 9 -60280.000000 20 0 3 34 0 193 0 267 1 
444 1 0 29 0 0 -81340.000000 10 0 3 312 1 393 1 449 0 
445 1 1 29 0 -1 -115336.753910 0 0 1 435 0 
446 1 2 29 0 -1 -60280.000000 20 0 1 349 0 
447 1 3 29 0 9 -60280.000000 20 0 2 144 0 281 1 
448 1 2 29 0 9 -60280.000000 20 0 2 40 0 340 0 
449 1 0 29 0 0 -81340.000000 10 0 2 58 1 433 0 
450 1 1 29 0 -1 -60280.000000 20 0 2 72 0 252 0 
451 1 4 29 0 -1 -167082.147432 0 0 4 4 1 232 1 238 0 338 0 
452 1 0 29 0 0 -81340.000000 10 0 4 183 1 188 0 415 1 421 1 
453 1 1 29 0 7 -81340.000000 10 0 6 18 1 109 1 175 1 318 0 353 1 399 1 
454 1 0 29 0 1 -60280.000000 20 0 2 317 0 421 0 
455 1 2 29 0 10 -71270.000000 9 0 2 50 1 155 0 
456 1 1 29 0 -1 -60280.000000 20 0 2 107 0 333 0 
457 1 3 29 0 -1 -60280.000000 20 0 2 42 0 343 0 
458 1 2 29 0 11 -60280.000000 20 0 2 175 0 206 1 
459 1 2 29 0 9 -60280.000000 20 0 4 217 0 326 1 451 1 458 0 
460 1 8 29 0 -1 -153623.272356 0 0 2 239 0 400 1 
461 1 3 29 0 -1 -60280.000000 20 0 1 21 0 
462 1 1 29 0 -1 -60280.000000 20 0 3 391 0 430 1 466 2 
463 1 13 29 0 -1 5350000.000000 0 29547 2 380 1 383 0 
464 1 18 29 0 -1 -87334.318861 0 0 2 303 0 475 1 
465 1 2 29 0 8 -81340.000000 10 0 3 224 1 321 0 447 1 
466 1 12 29 0 -1 -416296.554862 0 0 2 133 0 463 1 
467 1 0 29 0 1 -81340.000000 10 0 2 78 0 318 1 
468 1 0 29 0 6 -81340.000000 10 0 3 246 1 275 0 311 1 
469 1 0 29 0 0 -81340.000000 10 0 3 71 0 345 1 444 0 
470 1 6 29 0 -1 -123761.340025 0 0 3 84 0 342 1 372 0 
471 1 1 29 0 -1 -60280.000000 20 0 3 406 0 430 0 466 1 
472 1 3 29 0 -1 -60280.000000 20 0 2 212 0 366 1 
473 1 0 29 0 7 -81340.000000 10 0 3 122 0 185 1 413 1 
474 1 2 29 0 9 -60280.000000 20 0 3 10 0 268 1 360 1 
475 1 22 29 0 -1 5100000.000000 0 12430 0 
476 1 0 29 0 9 -71270.000000 10 0 1 205 0 
